{
 "cells": [
  {
   "cell_type": "code",
   "execution_count": 1,
   "id": "758a307a",
   "metadata": {},
   "outputs": [],
   "source": [
    "#Required Libraries\n",
    "import numpy as np  \n",
    "from numpy.random import rand\n",
    "import matplotlib.pyplot as plt\n",
    "from sklearn.preprocessing import OneHotEncoder"
   ]
  },
  {
   "cell_type": "code",
   "execution_count": 2,
   "id": "133fa9df",
   "metadata": {},
   "outputs": [],
   "source": [
    "#dataset\n",
    "x = np.array(([0.9,0.8],[0.6,0.3],[0.9,0.1],[0.9,0.8], [0.2, 0.35], [0.4, 0.39]))  #Features\n",
    "y = np.array((['Netural'],['Positive'],['Positive'],['Netural'], ['Negative'], ['Negative']))  #Labels (0,1)\n"
   ]
  },
  {
   "cell_type": "code",
   "execution_count": 3,
   "id": "6f874cb4",
   "metadata": {},
   "outputs": [],
   "source": [
    "#Encode categorical features as a one-hot numeric array.\n",
    "enc = OneHotEncoder(sparse=False, categories='auto')\n",
    "y = enc.fit_transform(y.reshape(len(y), -1))"
   ]
  },
  {
   "cell_type": "code",
   "execution_count": 4,
   "id": "a29b686f",
   "metadata": {},
   "outputs": [
    {
     "data": {
      "text/plain": [
       "[array(['Negative', 'Netural', 'Positive'], dtype='<U8')]"
      ]
     },
     "execution_count": 4,
     "metadata": {},
     "output_type": "execute_result"
    }
   ],
   "source": [
    "enc.categories_"
   ]
  },
  {
   "cell_type": "code",
   "execution_count": 5,
   "id": "27b32eab",
   "metadata": {},
   "outputs": [
    {
     "data": {
      "text/plain": [
       "array([[0., 1., 0.],\n",
       "       [0., 0., 1.],\n",
       "       [0., 0., 1.],\n",
       "       [0., 1., 0.],\n",
       "       [1., 0., 0.],\n",
       "       [1., 0., 0.]])"
      ]
     },
     "execution_count": 5,
     "metadata": {},
     "output_type": "execute_result"
    }
   ],
   "source": [
    "y"
   ]
  },
  {
   "cell_type": "code",
   "execution_count": 6,
   "id": "f67ed296",
   "metadata": {},
   "outputs": [],
   "source": [
    "# Activation function\n",
    "def sigmoid(Z):\n",
    "    return 1/(1+np.exp(-Z))\n",
    "\n",
    "# Activation function\n",
    "def softmax(Z):\n",
    "    return np.exp(Z) / np.sum(np.exp(Z), axis=1, keepdims=True)\n",
    "\n",
    "#Multi-layers feedforward neural network (2 hidden layers)\n",
    "class NeuralNetwork:\n",
    "    def __init__(self, x, y, nodes_in_layer1 = 4, nodes_in_layer2 = 3, nodes_in_layer3 = 3, l_rate = 1):\n",
    "        #define x, y\n",
    "        self.inputs_in_layer0 = x  #layer 0\n",
    "        self.y = y\n",
    "        \n",
    "        self.l_rate = l_rate  #learning rate\n",
    "        \n",
    "        #define and set the number of neurons in each layers\n",
    "        self.nodes_in_layer1 = nodes_in_layer1\n",
    "        self.nodes_in_layer2 = nodes_in_layer2\n",
    "        self.nodes_in_layer3 = nodes_in_layer3\n",
    "        \n",
    "        #intialize the wieghts (theta) metrices\n",
    "        self.thetas_layer0 = np.random.rand(self.inputs_in_layer0.shape[1] + 1,self.nodes_in_layer1)  #shape: [2+1, 4]\n",
    "        self.thetas_layer1 = np.random.rand(self.nodes_in_layer1 + 1,self.nodes_in_layer2)  #shape: [4+1, 3]\n",
    "        self.thetas_layer2 = np.random.rand(self.nodes_in_layer2+1, nodes_in_layer3)  # shape: [3+1, 3]\n",
    "\n",
    "    def feedforward(self):      \n",
    "        #compute all the nodes (a1, a2, a3, a4) in layer1\n",
    "        n = self.inputs_in_layer0.shape[0]\n",
    "\n",
    "        self.Z1 = self.thetas_layer0[0] + np.dot(self.inputs_in_layer0, self.thetas_layer0[1:])\n",
    "        self.layer1 = sigmoid(self.Z1)  #values of a1, a2, a3, a4 in layer 1\n",
    "        \n",
    "        #compute all the nodes (a1, a2, a3) in layer2\n",
    "        self.Z2 = self.thetas_layer1[0] + np.dot(self.layer1, self.thetas_layer1[1:])\n",
    "        self.layer2 = sigmoid(self.Z2)  #values of a1, a2, a3 in layer 2\n",
    "        \n",
    "        #compute all the nodes (a1, a2, a3) in layer3\n",
    "        self.Z3 = self.thetas_layer2[0] + np.dot(self.layer2, self.thetas_layer2[1:])\n",
    "        self.layer3 = softmax(self.Z3)  #output layer      \n",
    "        \n",
    "        return self.layer3\n",
    "    \n",
    "    def cost_func(self):\n",
    "        \n",
    "        self.n = self.inputs_in_layer0.shape[0] #number of training examples\n",
    "        self.cost = (1/self.n) * np.sum(-self.y * np.log(self.layer3)) #cross entropy\n",
    "        return self.cost \n",
    "    \n",
    "    \n",
    "    def backprop(self):\n",
    "        \n",
    "        self.dE_dZ3 = (1/self.n) * (self.layer3 - self.y)\n",
    "\n",
    "        self.dE_dtheta2 = np.dot(self.layer2.T, self.dE_dZ3)\n",
    "        self.dE_dbias2 = np.dot(np.ones(self.n), self.dE_dZ3)\n",
    "        \n",
    "        #dervative of E with respect to theta and bias in layer1\n",
    "        self.dE_dlayer2 = np.dot(self.dE_dZ3, self.thetas_layer2[1:].T)\n",
    "        self.dE_dZ2 = np.multiply(self.dE_dlayer2, sigmoid(self.Z2)* (1-sigmoid(self.Z2)))\n",
    "        self.dE_dtheta1 = np.dot(self.layer1.T, self.dE_dZ2)\n",
    "        self.dE_dbias1 = np.dot(np.ones(self.n), self.dE_dZ2)\n",
    "        \n",
    "        #dervative of E with respect to theta and bias in layer0\n",
    "        self.dE_dlayer1 = np.dot(self.dE_dZ2, self.thetas_layer1[1:].T)\n",
    "        self.dE_dZ1 = np.multiply(self.dE_dlayer1, sigmoid(self.Z1)* (1-sigmoid(self.Z1)))\n",
    "        self.dE_dtheta0 = np.dot(self.inputs_in_layer0.T, self.dE_dZ1)\n",
    "        self.dE_dbias0 = np.dot(np.ones(self.n), self.dE_dZ1)\n",
    "        \n",
    "        #updating theta using gradient descent in layers 2, 1, and 0\n",
    "        self.thetas_layer2[1:] = self.thetas_layer2[1:] - self.l_rate * self.dE_dtheta2\n",
    "        self.thetas_layer1[1:] = self.thetas_layer1[1:] - self.l_rate * self.dE_dtheta1\n",
    "        self.thetas_layer0[1:] = self.thetas_layer0[1:] - self.l_rate * self.dE_dtheta0\n",
    "        \n",
    "        #updating bias using gradient descent in layers 2, 1, and 0\n",
    "        self.thetas_layer2[0] = self.thetas_layer2[0] - self.l_rate * self.dE_dbias2\n",
    "        self.thetas_layer1[0] = self.thetas_layer1[0] - self.l_rate * self.dE_dbias1\n",
    "        self.thetas_layer0[0] = self.thetas_layer0[0] - self.l_rate * self.dE_dbias0\n",
    "        \n",
    "        return self"
   ]
  },
  {
   "cell_type": "code",
   "execution_count": 12,
   "id": "00390c73",
   "metadata": {},
   "outputs": [
    {
     "name": "stdout",
     "output_type": "stream",
     "text": [
      "iteration #  1\n",
      "Actual Output: \n",
      " [[0. 1. 0.]\n",
      " [0. 0. 1.]\n",
      " [0. 0. 1.]\n",
      " [0. 1. 0.]\n",
      " [1. 0. 0.]\n",
      " [1. 0. 0.]]\n",
      "Predicted Output: \n",
      " [[0.48602403 0.28268193 0.23129404]\n",
      " [0.4848145  0.28235338 0.23283212]\n",
      " [0.4848179  0.28233553 0.23284657]\n",
      " [0.48602403 0.28268193 0.23129404]\n",
      " [0.48426289 0.28224333 0.23349378]\n",
      " [0.48470745 0.28233907 0.23295348]] \n",
      "\n",
      "Cost: \n",
      " 1.148502688721321 \n",
      "\n",
      "iteration #  2\n",
      "Actual Output: \n",
      " [[0. 1. 0.]\n",
      " [0. 0. 1.]\n",
      " [0. 0. 1.]\n",
      " [0. 1. 0.]\n",
      " [1. 0. 0.]\n",
      " [1. 0. 0.]]\n",
      "Predicted Output: \n",
      " [[0.30341908 0.35597142 0.3406095 ]\n",
      " [0.30416217 0.35452495 0.34131288]\n",
      " [0.30418483 0.35449428 0.34132089]\n",
      " [0.30341908 0.35597142 0.3406095 ]\n",
      " [0.30444707 0.35394191 0.34161101]\n",
      " [0.30420827 0.35442467 0.34136706]] \n",
      "\n",
      "Cost: \n",
      " 1.0991663818344144 \n",
      "\n",
      "iteration #  3\n",
      "Actual Output: \n",
      " [[0. 1. 0.]\n",
      " [0. 0. 1.]\n",
      " [0. 0. 1.]\n",
      " [0. 1. 0.]\n",
      " [1. 0. 0.]\n",
      " [1. 0. 0.]]\n",
      "Predicted Output: \n",
      " [[0.33375064 0.33482069 0.33142867]\n",
      " [0.3341879  0.33363033 0.33218177]\n",
      " [0.33420755 0.33360283 0.33218962]\n",
      " [0.33375064 0.33482069 0.33142867]\n",
      " [0.33434147 0.33315562 0.33250291]\n",
      " [0.33420995 0.33354964 0.33224041]] \n",
      "\n",
      "Cost: \n",
      " 1.0973368136560675 \n",
      "\n",
      "iteration #  4\n",
      "Actual Output: \n",
      " [[0. 1. 0.]\n",
      " [0. 0. 1.]\n",
      " [0. 0. 1.]\n",
      " [0. 1. 0.]\n",
      " [1. 0. 0.]\n",
      " [1. 0. 0.]]\n",
      "Predicted Output: \n",
      " [[0.33081478 0.33732811 0.33185711]\n",
      " [0.33129599 0.33608784 0.33261617]\n",
      " [0.33131605 0.33605972 0.33262422]\n",
      " [0.33081478 0.33732811 0.33185711]\n",
      " [0.33146837 0.33559209 0.33293954]\n",
      " [0.3313215  0.33600335 0.33267516]] \n",
      "\n",
      "Cost: \n",
      " 1.0972992296718398 \n",
      "\n",
      "iteration #  5\n",
      "Actual Output: \n",
      " [[0. 1. 0.]\n",
      " [0. 0. 1.]\n",
      " [0. 0. 1.]\n",
      " [0. 1. 0.]\n",
      " [1. 0. 0.]\n",
      " [1. 0. 0.]]\n",
      "Predicted Output: \n",
      " [[0.33115013 0.33703848 0.33181138]\n",
      " [0.33163907 0.33578471 0.33257622]\n",
      " [0.33165917 0.33575644 0.33258439]\n",
      " [0.33115013 0.33703848 0.33181138]\n",
      " [0.33181474 0.33528329 0.33290197]\n",
      " [0.33166519 0.33569919 0.33263562]] \n",
      "\n",
      "Cost: \n",
      " 1.0972786554661804 \n",
      "\n",
      "iteration #  6\n",
      "Actual Output: \n",
      " [[0. 1. 0.]\n",
      " [0. 0. 1.]\n",
      " [0. 0. 1.]\n",
      " [0. 1. 0.]\n",
      " [1. 0. 0.]\n",
      " [1. 0. 0.]]\n",
      "Predicted Output: \n",
      " [[0.33110017 0.33709082 0.33180902]\n",
      " [0.33160114 0.33581902 0.33257984]\n",
      " [0.33162132 0.33579054 0.33258813]\n",
      " [0.33110017 0.33709082 0.33180902]\n",
      " [0.33178196 0.33531001 0.33290802]\n",
      " [0.33162822 0.33573213 0.33263965]] \n",
      "\n",
      "Cost: \n",
      " 1.0972582594544464 \n",
      "\n",
      "iteration #  7\n",
      "Actual Output: \n",
      " [[0. 1. 0.]\n",
      " [0. 0. 1.]\n",
      " [0. 0. 1.]\n",
      " [0. 1. 0.]\n",
      " [1. 0. 0.]\n",
      " [1. 0. 0.]]\n",
      "Predicted Output: \n",
      " [[0.33109503 0.33710127 0.33180371]\n",
      " [0.33160757 0.33581194 0.33258049]\n",
      " [0.33162783 0.33578325 0.33258891]\n",
      " [0.33109503 0.33710127 0.33180371]\n",
      " [0.33179333 0.33529555 0.33291111]\n",
      " [0.33163557 0.33572371 0.33264073]] \n",
      "\n",
      "Cost: \n",
      " 1.0972377995758749 \n",
      "\n",
      "iteration #  8\n",
      "Actual Output: \n",
      " [[0. 1. 0.]\n",
      " [0. 0. 1.]\n",
      " [0. 0. 1.]\n",
      " [0. 1. 0.]\n",
      " [1. 0. 0.]\n",
      " [1. 0. 0.]]\n",
      "Predicted Output: \n",
      " [[0.3310846  0.33711694 0.33179847]\n",
      " [0.33160881 0.33580994 0.33258125]\n",
      " [0.33162915 0.33578105 0.3325898 ]\n",
      " [0.3310846  0.33711694 0.33179847]\n",
      " [0.33179955 0.33528613 0.33291431]\n",
      " [0.33163773 0.33572037 0.3326419 ]] \n",
      "\n",
      "Cost: \n",
      " 1.0972172712137325 \n",
      "\n",
      "iteration #  9\n",
      "Actual Output: \n",
      " [[0. 1. 0.]\n",
      " [0. 0. 1.]\n",
      " [0. 0. 1.]\n",
      " [0. 1. 0.]\n",
      " [1. 0. 0.]\n",
      " [1. 0. 0.]]\n",
      "Predicted Output: \n",
      " [[0.33107473 0.33713205 0.33179321]\n",
      " [0.33161064 0.33580734 0.33258202]\n",
      " [0.33163107 0.33577824 0.3325907 ]\n",
      " [0.33107473 0.33713205 0.33179321]\n",
      " [0.33180638 0.33527608 0.33291754]\n",
      " [0.33164049 0.33571642 0.33264309]] \n",
      "\n",
      "Cost: \n",
      " 1.097196673079763 \n",
      "\n",
      "iteration #  10\n",
      "Actual Output: \n",
      " [[0. 1. 0.]\n",
      " [0. 0. 1.]\n",
      " [0. 0. 1.]\n",
      " [0. 1. 0.]\n",
      " [1. 0. 0.]\n",
      " [1. 0. 0.]]\n",
      "Predicted Output: \n",
      " [[0.33106475 0.33714733 0.33178793]\n",
      " [0.33161239 0.33580483 0.33258278]\n",
      " [0.3316329  0.33577551 0.33259159]\n",
      " [0.33106475 0.33714733 0.33178793]\n",
      " [0.33181314 0.33526609 0.33292077]\n",
      " [0.33164317 0.33571255 0.33264428]] \n",
      "\n",
      "Cost: \n",
      " 1.097176003923613 \n",
      "\n",
      "iteration #  11\n",
      "Actual Output: \n",
      " [[0. 1. 0.]\n",
      " [0. 0. 1.]\n",
      " [0. 0. 1.]\n",
      " [0. 1. 0.]\n",
      " [1. 0. 0.]\n",
      " [1. 0. 0.]]\n",
      "Predicted Output: \n",
      " [[0.33105472 0.33716267 0.33178261]\n",
      " [0.33161413 0.33580232 0.33258354]\n",
      " [0.33163473 0.33577279 0.33259248]\n",
      " [0.33105472 0.33716267 0.33178261]\n",
      " [0.33181991 0.33525608 0.33292401]\n",
      " [0.33164585 0.33570869 0.33264547]] \n",
      "\n",
      "Cost: \n",
      " 1.0971552624840144 \n",
      "\n",
      "iteration #  12\n",
      "Actual Output: \n",
      " [[0. 1. 0.]\n",
      " [0. 0. 1.]\n",
      " [0. 0. 1.]\n",
      " [0. 1. 0.]\n",
      " [1. 0. 0.]\n",
      " [1. 0. 0.]]\n",
      "Predicted Output: \n",
      " [[0.33104464 0.33717809 0.33177727]\n",
      " [0.33161586 0.33579983 0.3325843 ]\n",
      " [0.33163655 0.33577009 0.33259336]\n",
      " [0.33104464 0.33717809 0.33177727]\n",
      " [0.33182668 0.33524607 0.33292726]\n",
      " [0.33164851 0.33570483 0.33264665]] \n",
      "\n",
      "Cost: \n",
      " 1.0971344474880649 \n",
      "\n",
      "iteration #  13\n",
      "Actual Output: \n",
      " [[0. 1. 0.]\n",
      " [0. 0. 1.]\n",
      " [0. 0. 1.]\n",
      " [0. 1. 0.]\n",
      " [1. 0. 0.]\n",
      " [1. 0. 0.]]\n",
      "Predicted Output: \n",
      " [[0.33103451 0.3371936  0.33177189]\n",
      " [0.33161759 0.33579735 0.33258506]\n",
      " [0.33163835 0.3357674  0.33259425]\n",
      " [0.33103451 0.3371936  0.33177189]\n",
      " [0.33183345 0.33523603 0.33293051]\n",
      " [0.33165117 0.33570099 0.33264784]] \n",
      "\n",
      "Cost: \n",
      " 1.0971135576509425 \n",
      "\n",
      "iteration #  14\n",
      "Actual Output: \n",
      " [[0. 1. 0.]\n",
      " [0. 0. 1.]\n",
      " [0. 0. 1.]\n",
      " [0. 1. 0.]\n",
      " [1. 0. 0.]\n",
      " [1. 0. 0.]]\n",
      "Predicted Output: \n",
      " [[0.33102433 0.33720918 0.33176649]\n",
      " [0.3316193  0.33579489 0.33258581]\n",
      " [0.33164015 0.33576471 0.33259513]\n",
      " [0.33102433 0.33720918 0.33176649]\n",
      " [0.33184023 0.33522599 0.33293378]\n",
      " [0.33165382 0.33569715 0.33264902]] \n",
      "\n",
      "Cost: \n",
      " 1.0970925916756564 \n",
      "\n",
      "iteration #  15\n",
      "Actual Output: \n",
      " [[0. 1. 0.]\n",
      " [0. 0. 1.]\n",
      " [0. 0. 1.]\n",
      " [0. 1. 0.]\n",
      " [1. 0. 0.]\n",
      " [1. 0. 0.]]\n",
      "Predicted Output: \n",
      " [[0.33101409 0.33722485 0.33176105]\n",
      " [0.33162099 0.33579244 0.33258656]\n",
      " [0.33164194 0.33576205 0.33259601]\n",
      " [0.33101409 0.33722485 0.33176105]\n",
      " [0.33184702 0.33521593 0.33293705]\n",
      " [0.33165646 0.33569333 0.33265021]] \n",
      "\n",
      "Cost: \n",
      " 1.0970715482527904 \n",
      "\n",
      "iteration #  16\n",
      "Actual Output: \n",
      " [[0. 1. 0.]\n",
      " [0. 0. 1.]\n",
      " [0. 0. 1.]\n",
      " [0. 1. 0.]\n",
      " [1. 0. 0.]\n",
      " [1. 0. 0.]]\n",
      "Predicted Output: \n",
      " [[0.33100381 0.33724061 0.33175558]\n",
      " [0.33162268 0.33579    0.33258731]\n",
      " [0.33164372 0.33575939 0.33259689]\n",
      " [0.33100381 0.33724061 0.33175558]\n",
      " [0.33185381 0.33520585 0.33294034]\n",
      " [0.3316591  0.33568951 0.33265139]] \n",
      "\n",
      "Cost: \n",
      " 1.097050426060239 \n",
      "\n",
      "iteration #  17\n",
      "Actual Output: \n",
      " [[0. 1. 0.]\n",
      " [0. 0. 1.]\n",
      " [0. 0. 1.]\n",
      " [0. 1. 0.]\n",
      " [1. 0. 0.]\n",
      " [1. 0. 0.]]\n",
      "Predicted Output: \n",
      " [[0.33099346 0.33725645 0.33175009]\n",
      " [0.33162436 0.33578758 0.33258806]\n",
      " [0.33164548 0.33575675 0.33259777]\n",
      " [0.33099346 0.33725645 0.33175009]\n",
      " [0.33186061 0.33519576 0.33294363]\n",
      " [0.33166172 0.3356857  0.33265258]] \n",
      "\n",
      "Cost: \n",
      " 1.0970292237629442 \n",
      "\n",
      "iteration #  18\n",
      "Actual Output: \n",
      " [[0. 1. 0.]\n",
      " [0. 0. 1.]\n",
      " [0. 0. 1.]\n",
      " [0. 1. 0.]\n",
      " [1. 0. 0.]\n",
      " [1. 0. 0.]]\n",
      "Predicted Output: \n",
      " [[0.33098307 0.33727237 0.33174456]\n",
      " [0.33162602 0.33578517 0.33258881]\n",
      " [0.33164724 0.33575411 0.33259865]\n",
      " [0.33098307 0.33727237 0.33174456]\n",
      " [0.33186741 0.33518566 0.33294693]\n",
      " [0.33166434 0.3356819  0.33265376]] \n",
      "\n",
      "Cost: \n",
      " 1.0970079400126242 \n",
      "\n",
      "iteration #  19\n",
      "Actual Output: \n",
      " [[0. 1. 0.]\n",
      " [0. 0. 1.]\n",
      " [0. 0. 1.]\n",
      " [0. 1. 0.]\n",
      " [1. 0. 0.]\n",
      " [1. 0. 0.]]\n",
      "Predicted Output: \n",
      " [[0.33097262 0.33728839 0.33173899]\n",
      " [0.33162768 0.33578277 0.33258955]\n",
      " [0.33164899 0.33575149 0.33259952]\n",
      " [0.33097262 0.33728839 0.33173899]\n",
      " [0.33187422 0.33517554 0.33295025]\n",
      " [0.33166695 0.3356781  0.33265495]] \n",
      "\n",
      "Cost: \n",
      " 1.096986573447499 \n",
      "\n",
      "iteration #  20\n",
      "Actual Output: \n",
      " [[0. 1. 0.]\n",
      " [0. 0. 1.]\n",
      " [0. 0. 1.]\n",
      " [0. 1. 0.]\n",
      " [1. 0. 0.]\n",
      " [1. 0. 0.]]\n",
      "Predicted Output: \n",
      " [[0.33096211 0.33730449 0.3317334 ]\n",
      " [0.33162932 0.33578039 0.33259029]\n",
      " [0.33165072 0.33574888 0.33260039]\n",
      " [0.33096211 0.33730449 0.3317334 ]\n",
      " [0.33188104 0.33516539 0.33295357]\n",
      " [0.33166955 0.33567431 0.33265614]] \n",
      "\n",
      "Cost: \n",
      " 1.0969651226920107 \n",
      "\n",
      "iteration #  21\n",
      "Actual Output: \n",
      " [[0. 1. 0.]\n",
      " [0. 0. 1.]\n",
      " [0. 0. 1.]\n",
      " [0. 1. 0.]\n",
      " [1. 0. 0.]\n",
      " [1. 0. 0.]]\n",
      "Predicted Output: \n",
      " [[0.33095155 0.33732068 0.33172777]\n",
      " [0.33163095 0.33577802 0.33259103]\n",
      " [0.33165245 0.33574629 0.33260126]\n",
      " [0.33095155 0.33732068 0.33172777]\n",
      " [0.33188786 0.33515524 0.3329569 ]\n",
      " [0.33167214 0.33567054 0.33265732]] \n",
      "\n",
      "Cost: \n",
      " 1.0969435863565398 \n",
      "\n",
      "iteration #  22\n",
      "Actual Output: \n",
      " [[0. 1. 0.]\n",
      " [0. 0. 1.]\n",
      " [0. 0. 1.]\n",
      " [0. 1. 0.]\n",
      " [1. 0. 0.]\n",
      " [1. 0. 0.]]\n",
      "Predicted Output: \n",
      " [[0.33094093 0.33733696 0.33172211]\n",
      " [0.33163258 0.33577566 0.33259177]\n",
      " [0.33165417 0.3357437  0.33260213]\n",
      " [0.33094093 0.33733696 0.33172211]\n",
      " [0.33189469 0.33514506 0.33296025]\n",
      " [0.33167473 0.33566676 0.33265851]] \n",
      "\n",
      "Cost: \n",
      " 1.0969219630371145 \n",
      "\n",
      "iteration #  23\n",
      "Actual Output: \n",
      " [[0. 1. 0.]\n",
      " [0. 0. 1.]\n",
      " [0. 0. 1.]\n",
      " [0. 1. 0.]\n",
      " [1. 0. 0.]\n",
      " [1. 0. 0.]]\n",
      "Predicted Output: \n",
      " [[0.33093025 0.33735333 0.33171642]\n",
      " [0.33163419 0.33577331 0.3325925 ]\n",
      " [0.33165588 0.33574113 0.332603  ]\n",
      " [0.33093025 0.33735333 0.33171642]\n",
      " [0.33190153 0.33513486 0.33296361]\n",
      " [0.33167731 0.335663   0.3326597 ]] \n",
      "\n",
      "Cost: \n",
      " 1.096900251315119 \n",
      "\n",
      "iteration #  24\n",
      "Actual Output: \n",
      " [[0. 1. 0.]\n",
      " [0. 0. 1.]\n",
      " [0. 0. 1.]\n",
      " [0. 1. 0.]\n",
      " [1. 0. 0.]\n",
      " [1. 0. 0.]]\n",
      "Predicted Output: \n",
      " [[0.33091951 0.3373698  0.33171069]\n",
      " [0.33163579 0.33577097 0.33259324]\n",
      " [0.33165757 0.33573856 0.33260386]\n",
      " [0.33091951 0.3373698  0.33171069]\n",
      " [0.33190838 0.33512464 0.33296697]\n",
      " [0.33167988 0.33565924 0.33266088]] \n",
      "\n",
      "Cost: \n",
      " 1.096878449756992 \n",
      "\n",
      "iteration #  25\n",
      "Actual Output: \n",
      " [[0. 1. 0.]\n",
      " [0. 0. 1.]\n",
      " [0. 0. 1.]\n",
      " [0. 1. 0.]\n",
      " [1. 0. 0.]\n",
      " [1. 0. 0.]]\n",
      "Predicted Output: \n",
      " [[0.33090871 0.33738636 0.33170493]\n",
      " [0.33163738 0.33576865 0.33259397]\n",
      " [0.33165926 0.33573601 0.33260473]\n",
      " [0.33090871 0.33738636 0.33170493]\n",
      " [0.33191524 0.3351144  0.33297035]\n",
      " [0.33168244 0.33565548 0.33266207]] \n",
      "\n",
      "Cost: \n",
      " 1.0968565569139233 \n",
      "\n",
      "iteration #  26\n",
      "Actual Output: \n",
      " [[0. 1. 0.]\n",
      " [0. 0. 1.]\n",
      " [0. 0. 1.]\n",
      " [0. 1. 0.]\n",
      " [1. 0. 0.]\n",
      " [1. 0. 0.]]\n",
      "Predicted Output: \n",
      " [[0.33089786 0.33740301 0.33169914]\n",
      " [0.33163896 0.33576634 0.3325947 ]\n",
      " [0.33166094 0.33573347 0.33260559]\n",
      " [0.33089786 0.33740301 0.33169914]\n",
      " [0.33192211 0.33510414 0.33297374]\n",
      " [0.331685   0.33565174 0.33266326]] \n",
      "\n",
      "Cost: \n",
      " 1.0968345713215437 \n",
      "\n",
      "iteration #  27\n",
      "Actual Output: \n",
      " [[0. 1. 0.]\n",
      " [0. 0. 1.]\n",
      " [0. 0. 1.]\n",
      " [0. 1. 0.]\n",
      " [1. 0. 0.]\n",
      " [1. 0. 0.]]\n",
      "Predicted Output: \n",
      " [[0.33088694 0.33741976 0.3316933 ]\n",
      " [0.33164053 0.33576404 0.33259543]\n",
      " [0.33166261 0.33573094 0.33260645]\n",
      " [0.33088694 0.33741976 0.3316933 ]\n",
      " [0.33192899 0.33509386 0.33297715]\n",
      " [0.33168755 0.33564799 0.33266445]] \n",
      "\n",
      "Cost: \n",
      " 1.096812491499608 \n",
      "\n",
      "iteration #  28\n",
      "Actual Output: \n",
      " [[0. 1. 0.]\n",
      " [0. 0. 1.]\n",
      " [0. 0. 1.]\n",
      " [0. 1. 0.]\n",
      " [1. 0. 0.]\n",
      " [1. 0. 0.]]\n",
      "Predicted Output: \n",
      " [[0.33087596 0.3374366  0.33168744]\n",
      " [0.33164209 0.33576175 0.33259615]\n",
      " [0.33166427 0.33572842 0.33260731]\n",
      " [0.33087596 0.3374366  0.33168744]\n",
      " [0.33193588 0.33508356 0.33298056]\n",
      " [0.3316901  0.33564426 0.33266564]] \n",
      "\n",
      "Cost: \n",
      " 1.0967903159516756 \n",
      "\n",
      "iteration #  29\n",
      "Actual Output: \n",
      " [[0. 1. 0.]\n",
      " [0. 0. 1.]\n",
      " [0. 0. 1.]\n",
      " [0. 1. 0.]\n",
      " [1. 0. 0.]\n",
      " [1. 0. 0.]]\n",
      "Predicted Output: \n",
      " [[0.33086492 0.33745355 0.33168154]\n",
      " [0.33164364 0.33575948 0.33259688]\n",
      " [0.33166592 0.3357259  0.33260817]\n",
      " [0.33086492 0.33745355 0.33168154]\n",
      " [0.33194278 0.33507323 0.33298399]\n",
      " [0.33169264 0.33564053 0.33266683]] \n",
      "\n",
      "Cost: \n",
      " 1.096768043164781 \n",
      "\n",
      "iteration #  30\n",
      "Actual Output: \n",
      " [[0. 1. 0.]\n",
      " [0. 0. 1.]\n",
      " [0. 0. 1.]\n",
      " [0. 1. 0.]\n",
      " [1. 0. 0.]\n",
      " [1. 0. 0.]]\n",
      "Predicted Output: \n",
      " [[0.33085381 0.33747059 0.3316756 ]\n",
      " [0.33164518 0.33575721 0.3325976 ]\n",
      " [0.33166757 0.3357234  0.33260903]\n",
      " [0.33085381 0.33747059 0.3316756 ]\n",
      " [0.3319497  0.33506287 0.33298743]\n",
      " [0.33169517 0.3356368  0.33266803]] \n",
      "\n",
      "Cost: \n",
      " 1.096745671609103 \n",
      "\n",
      "iteration #  31\n",
      "Actual Output: \n",
      " [[0. 1. 0.]\n",
      " [0. 0. 1.]\n",
      " [0. 0. 1.]\n",
      " [0. 1. 0.]\n",
      " [1. 0. 0.]\n",
      " [1. 0. 0.]]\n",
      "Predicted Output: \n",
      " [[0.33084264 0.33748774 0.33166962]\n",
      " [0.33164672 0.33575496 0.33259832]\n",
      " [0.3316692  0.33572091 0.33260989]\n",
      " [0.33084264 0.33748774 0.33166962]\n",
      " [0.33195662 0.33505249 0.33299089]\n",
      " [0.3316977  0.33563308 0.33266922]] \n",
      "\n",
      "Cost: \n",
      " 1.0967231997376232 \n",
      "\n",
      "iteration #  32\n",
      "Actual Output: \n",
      " [[0. 1. 0.]\n",
      " [0. 0. 1.]\n",
      " [0. 0. 1.]\n",
      " [0. 1. 0.]\n",
      " [1. 0. 0.]\n",
      " [1. 0. 0.]]\n",
      "Predicted Output: \n",
      " [[0.33083141 0.33750498 0.33166361]\n",
      " [0.33164824 0.33575272 0.33259905]\n",
      " [0.33167082 0.33571844 0.33261074]\n",
      " [0.33083141 0.33750498 0.33166361]\n",
      " [0.33196356 0.33504209 0.33299435]\n",
      " [0.33170022 0.33562936 0.33267042]] \n",
      "\n",
      "Cost: \n",
      " 1.0967006259857819 \n",
      "\n",
      "iteration #  33\n",
      "Actual Output: \n",
      " [[0. 1. 0.]\n",
      " [0. 0. 1.]\n",
      " [0. 0. 1.]\n",
      " [0. 1. 0.]\n",
      " [1. 0. 0.]\n",
      " [1. 0. 0.]]\n",
      "Predicted Output: \n",
      " [[0.33082011 0.33752233 0.33165756]\n",
      " [0.33164975 0.33575048 0.33259977]\n",
      " [0.33167244 0.33571597 0.33261159]\n",
      " [0.33082011 0.33752233 0.33165756]\n",
      " [0.33197051 0.33503165 0.33299783]\n",
      " [0.33170274 0.33562564 0.33267162]] \n",
      "\n",
      "Cost: \n",
      " 1.0966779487711245 \n",
      "\n",
      "iteration #  34\n",
      "Actual Output: \n",
      " [[0. 1. 0.]\n",
      " [0. 0. 1.]\n",
      " [0. 0. 1.]\n",
      " [0. 1. 0.]\n",
      " [1. 0. 0.]\n",
      " [1. 0. 0.]]\n",
      "Predicted Output: \n",
      " [[0.33080874 0.33753978 0.33165148]\n",
      " [0.33165125 0.33574826 0.33260048]\n",
      " [0.33167405 0.3357135  0.33261245]\n",
      " [0.33080874 0.33753978 0.33165148]\n",
      " [0.33197748 0.33502119 0.33300133]\n",
      " [0.33170525 0.33562193 0.33267282]] \n",
      "\n",
      "Cost: \n",
      " 1.096655166492944 \n",
      "\n",
      "iteration #  35\n",
      "Actual Output: \n",
      " [[0. 1. 0.]\n",
      " [0. 0. 1.]\n",
      " [0. 0. 1.]\n",
      " [0. 1. 0.]\n",
      " [1. 0. 0.]\n",
      " [1. 0. 0.]]\n",
      "Predicted Output: \n",
      " [[0.33079731 0.33755734 0.33164535]\n",
      " [0.33165275 0.33574605 0.3326012 ]\n",
      " [0.33167565 0.33571105 0.3326133 ]\n",
      " [0.33079731 0.33755734 0.33164535]\n",
      " [0.33198446 0.3350107  0.33300484]\n",
      " [0.33170776 0.33561823 0.33267402]] \n",
      "\n",
      "Cost: \n",
      " 1.096632277531914 \n",
      "\n",
      "iteration #  36\n",
      "Actual Output: \n",
      " [[0. 1. 0.]\n",
      " [0. 0. 1.]\n",
      " [0. 0. 1.]\n",
      " [0. 1. 0.]\n",
      " [1. 0. 0.]\n",
      " [1. 0. 0.]]\n",
      "Predicted Output: \n",
      " [[0.33078581 0.337575   0.33163919]\n",
      " [0.33165423 0.33574385 0.33260192]\n",
      " [0.33167724 0.33570861 0.33261415]\n",
      " [0.33078581 0.337575   0.33163919]\n",
      " [0.33199146 0.33500018 0.33300836]\n",
      " [0.33171026 0.33561452 0.33267522]] \n",
      "\n",
      "Cost: \n",
      " 1.0966092802497176 \n",
      "\n",
      "iteration #  37\n",
      "Actual Output: \n",
      " [[0. 1. 0.]\n",
      " [0. 0. 1.]\n",
      " [0. 0. 1.]\n",
      " [0. 1. 0.]\n",
      " [1. 0. 0.]\n",
      " [1. 0. 0.]]\n",
      "Predicted Output: \n",
      " [[0.33077424 0.33759278 0.33163298]\n",
      " [0.33165571 0.33574166 0.33260263]\n",
      " [0.33167882 0.33570618 0.332615  ]\n",
      " [0.33077424 0.33759278 0.33163298]\n",
      " [0.33199847 0.33498964 0.3330119 ]\n",
      " [0.33171275 0.33561082 0.33267642]] \n",
      "\n",
      "Cost: \n",
      " 1.0965861729886666 \n",
      "\n",
      "iteration #  38\n",
      "Actual Output: \n",
      " [[0. 1. 0.]\n",
      " [0. 0. 1.]\n",
      " [0. 0. 1.]\n",
      " [0. 1. 0.]\n",
      " [1. 0. 0.]\n",
      " [1. 0. 0.]]\n",
      "Predicted Output: \n",
      " [[0.3307626  0.33761066 0.33162674]\n",
      " [0.33165717 0.33573948 0.33260335]\n",
      " [0.33168039 0.33570376 0.33261585]\n",
      " [0.3307626  0.33761066 0.33162674]\n",
      " [0.33200549 0.33497906 0.33301545]\n",
      " [0.33171525 0.33560712 0.33267763]] \n",
      "\n",
      "Cost: \n",
      " 1.0965629540713142 \n",
      "\n",
      "iteration #  39\n",
      "Actual Output: \n",
      " [[0. 1. 0.]\n",
      " [0. 0. 1.]\n",
      " [0. 0. 1.]\n",
      " [0. 1. 0.]\n",
      " [1. 0. 0.]\n",
      " [1. 0. 0.]]\n",
      "Predicted Output: \n",
      " [[0.33075089 0.33762865 0.33162046]\n",
      " [0.33165863 0.33573731 0.33260406]\n",
      " [0.33168196 0.33570134 0.3326167 ]\n",
      " [0.33075089 0.33762865 0.33162046]\n",
      " [0.33201254 0.33496845 0.33301902]\n",
      " [0.33171774 0.33560343 0.33267884]] \n",
      "\n",
      "Cost: \n",
      " 1.0965396218000618 \n",
      "\n",
      "iteration #  40\n",
      "Actual Output: \n",
      " [[0. 1. 0.]\n",
      " [0. 0. 1.]\n",
      " [0. 0. 1.]\n",
      " [0. 1. 0.]\n",
      " [1. 0. 0.]\n",
      " [1. 0. 0.]]\n",
      "Predicted Output: \n",
      " [[0.33073911 0.33764675 0.33161414]\n",
      " [0.33166008 0.33573515 0.33260478]\n",
      " [0.33168351 0.33569894 0.33261755]\n",
      " [0.33073911 0.33764675 0.33161414]\n",
      " [0.3320196  0.3349578  0.3330226 ]\n",
      " [0.33172022 0.33559973 0.33268005]] \n",
      "\n",
      "Cost: \n",
      " 1.0965161744567546 \n",
      "\n",
      "iteration #  41\n",
      "Actual Output: \n",
      " [[0. 1. 0.]\n",
      " [0. 0. 1.]\n",
      " [0. 0. 1.]\n",
      " [0. 1. 0.]\n",
      " [1. 0. 0.]\n",
      " [1. 0. 0.]]\n",
      "Predicted Output: \n",
      " [[0.33072726 0.33766497 0.33160777]\n",
      " [0.33166152 0.335733   0.33260549]\n",
      " [0.33168506 0.33569654 0.3326184 ]\n",
      " [0.33072726 0.33766497 0.33160777]\n",
      " [0.33202668 0.33494712 0.3330262 ]\n",
      " [0.3317227  0.33559604 0.33268126]] \n",
      "\n",
      "Cost: \n",
      " 1.0964926103022736 \n",
      "\n",
      "iteration #  42\n",
      "Actual Output: \n",
      " [[0. 1. 0.]\n",
      " [0. 0. 1.]\n",
      " [0. 0. 1.]\n",
      " [0. 1. 0.]\n",
      " [1. 0. 0.]\n",
      " [1. 0. 0.]]\n",
      "Predicted Output: \n",
      " [[0.33071533 0.3376833  0.33160137]\n",
      " [0.33166295 0.33573085 0.3326062 ]\n",
      " [0.3316866  0.33569415 0.33261924]\n",
      " [0.33071533 0.3376833  0.33160137]\n",
      " [0.33203377 0.33493641 0.33302981]\n",
      " [0.33172518 0.33559234 0.33268248]] \n",
      "\n",
      "Cost: \n",
      " 1.0964689275761155 \n",
      "\n",
      "iteration #  43\n",
      "Actual Output: \n",
      " [[0. 1. 0.]\n",
      " [0. 0. 1.]\n",
      " [0. 0. 1.]\n",
      " [0. 1. 0.]\n",
      " [1. 0. 0.]\n",
      " [1. 0. 0.]]\n",
      "Predicted Output: \n",
      " [[0.33070333 0.33770175 0.33159492]\n",
      " [0.33166437 0.33572872 0.33260691]\n",
      " [0.33168814 0.33569177 0.33262009]\n",
      " [0.33070333 0.33770175 0.33159492]\n",
      " [0.33204089 0.33492567 0.33303345]\n",
      " [0.33172765 0.33558865 0.3326837 ]] \n",
      "\n",
      "Cost: \n",
      " 1.0964451244959665 \n",
      "\n",
      "iteration #  44\n",
      "Actual Output: \n",
      " [[0. 1. 0.]\n",
      " [0. 0. 1.]\n",
      " [0. 0. 1.]\n",
      " [0. 1. 0.]\n",
      " [1. 0. 0.]\n",
      " [1. 0. 0.]]\n",
      "Predicted Output: \n",
      " [[0.33069125 0.33772031 0.33158843]\n",
      " [0.33166579 0.33572659 0.33260762]\n",
      " [0.33168966 0.3356894  0.33262094]\n",
      " [0.33069125 0.33772031 0.33158843]\n",
      " [0.33204802 0.33491488 0.33303709]\n",
      " [0.33173012 0.33558496 0.33268492]] \n",
      "\n",
      "Cost: \n",
      " 1.0964211992572679 \n",
      "\n",
      "iteration #  45\n",
      "Actual Output: \n",
      " [[0. 1. 0.]\n",
      " [0. 0. 1.]\n",
      " [0. 0. 1.]\n",
      " [0. 1. 0.]\n",
      " [1. 0. 0.]\n",
      " [1. 0. 0.]]\n",
      "Predicted Output: \n",
      " [[0.3306791  0.33773899 0.3315819 ]\n",
      " [0.33166719 0.33572448 0.33260833]\n",
      " [0.33169118 0.33568704 0.33262178]\n",
      " [0.3306791  0.33773899 0.3315819 ]\n",
      " [0.33205518 0.33490407 0.33304076]\n",
      " [0.33173259 0.33558127 0.33268614]] \n",
      "\n",
      "Cost: \n",
      " 1.0963971500327712 \n",
      "\n",
      "iteration #  46\n",
      "Actual Output: \n",
      " [[0. 1. 0.]\n",
      " [0. 0. 1.]\n",
      " [0. 0. 1.]\n",
      " [0. 1. 0.]\n",
      " [1. 0. 0.]\n",
      " [1. 0. 0.]]\n",
      "Predicted Output: \n",
      " [[0.33066688 0.3377578  0.33157533]\n",
      " [0.33166859 0.33572237 0.33260904]\n",
      " [0.33169269 0.33568468 0.33262263]\n",
      " [0.33066688 0.3377578  0.33157533]\n",
      " [0.33206235 0.33489321 0.33304444]\n",
      " [0.33173505 0.33557758 0.33268737]] \n",
      "\n",
      "Cost: \n",
      " 1.0963729749720852 \n",
      "\n",
      "iteration #  47\n",
      "Actual Output: \n",
      " [[0. 1. 0.]\n",
      " [0. 0. 1.]\n",
      " [0. 0. 1.]\n",
      " [0. 1. 0.]\n",
      " [1. 0. 0.]\n",
      " [1. 0. 0.]]\n",
      "Predicted Output: \n",
      " [[0.33065457 0.33777672 0.33156871]\n",
      " [0.33166998 0.33572027 0.33260975]\n",
      " [0.33169419 0.33568234 0.33262347]\n",
      " [0.33065457 0.33777672 0.33156871]\n",
      " [0.33206955 0.33488231 0.33304814]\n",
      " [0.33173751 0.33557389 0.3326886 ]] \n",
      "\n",
      "Cost: \n",
      " 1.0963486722012148 \n",
      "\n",
      "iteration #  48\n",
      "Actual Output: \n",
      " [[0. 1. 0.]\n",
      " [0. 0. 1.]\n",
      " [0. 0. 1.]\n",
      " [0. 1. 0.]\n",
      " [1. 0. 0.]\n",
      " [1. 0. 0.]]\n",
      "Predicted Output: \n",
      " [[0.33064219 0.33779577 0.33156205]\n",
      " [0.33167136 0.33571818 0.33261046]\n",
      " [0.33169569 0.33568    0.33262432]\n",
      " [0.33064219 0.33779577 0.33156205]\n",
      " [0.33207676 0.33487138 0.33305186]\n",
      " [0.33173997 0.3355702  0.33268983]] \n",
      "\n",
      "Cost: \n",
      " 1.0963242398220885 \n",
      "\n",
      "iteration #  49\n",
      "Actual Output: \n",
      " [[0. 1. 0.]\n",
      " [0. 0. 1.]\n",
      " [0. 0. 1.]\n",
      " [0. 1. 0.]\n",
      " [1. 0. 0.]\n",
      " [1. 0. 0.]]\n",
      "Predicted Output: \n",
      " [[0.33062972 0.33781494 0.33155534]\n",
      " [0.33167274 0.3357161  0.33261116]\n",
      " [0.33169717 0.33567766 0.33262516]\n",
      " [0.33062972 0.33781494 0.33155534]\n",
      " [0.332084   0.3348604  0.33305559]\n",
      " [0.33174243 0.3355665  0.33269107]] \n",
      "\n",
      "Cost: \n",
      " 1.096299675912077 \n",
      "\n",
      "iteration #  50\n",
      "Actual Output: \n",
      " [[0. 1. 0.]\n",
      " [0. 0. 1.]\n",
      " [0. 0. 1.]\n",
      " [0. 1. 0.]\n",
      " [1. 0. 0.]\n",
      " [1. 0. 0.]]\n",
      "Predicted Output: \n",
      " [[0.33061718 0.33783424 0.33154859]\n",
      " [0.33167411 0.33571402 0.33261187]\n",
      " [0.33169865 0.33567534 0.33262601]\n",
      " [0.33061718 0.33783424 0.33154859]\n",
      " [0.33209126 0.33484939 0.33305935]\n",
      " [0.33174488 0.33556281 0.33269231]] \n",
      "\n",
      "Cost: \n",
      " 1.096274978523503 \n",
      "\n",
      "iteration #  51\n",
      "Actual Output: \n",
      " [[0. 1. 0.]\n",
      " [0. 0. 1.]\n",
      " [0. 0. 1.]\n",
      " [0. 1. 0.]\n",
      " [1. 0. 0.]\n",
      " [1. 0. 0.]]\n",
      "Predicted Output: \n",
      " [[0.33060455 0.33785366 0.33154179]\n",
      " [0.33167547 0.33571195 0.33261258]\n",
      " [0.33170013 0.33567302 0.33262685]\n",
      " [0.33060455 0.33785366 0.33154179]\n",
      " [0.33209855 0.33483833 0.33306312]\n",
      " [0.33174734 0.33555911 0.33269355]] \n",
      "\n",
      "Cost: \n",
      " 1.0962501456831393 \n",
      "\n",
      "iteration #  52\n",
      "Actual Output: \n",
      " [[0. 1. 0.]\n",
      " [0. 0. 1.]\n",
      " [0. 0. 1.]\n",
      " [0. 1. 0.]\n",
      " [1. 0. 0.]\n",
      " [1. 0. 0.]]\n",
      "Predicted Output: \n",
      " [[0.33059184 0.33787322 0.33153494]\n",
      " [0.33167682 0.33570989 0.33261329]\n",
      " [0.33170159 0.33567071 0.3326277 ]\n",
      " [0.33059184 0.33787322 0.33153494]\n",
      " [0.33210586 0.33482723 0.33306691]\n",
      " [0.33174979 0.33555541 0.3326948 ]] \n",
      "\n",
      "Cost: \n",
      " 1.0962251753916965 \n",
      "\n",
      "iteration #  53\n",
      "Actual Output: \n",
      " [[0. 1. 0.]\n",
      " [0. 0. 1.]\n",
      " [0. 0. 1.]\n",
      " [0. 1. 0.]\n",
      " [1. 0. 0.]\n",
      " [1. 0. 0.]]\n",
      "Predicted Output: \n",
      " [[0.33057905 0.3378929  0.33152805]\n",
      " [0.33167816 0.33570784 0.332614  ]\n",
      " [0.33170305 0.3356684  0.33262854]\n",
      " [0.33057905 0.3378929  0.33152805]\n",
      " [0.33211319 0.33481608 0.33307073]\n",
      " [0.33175224 0.33555171 0.33269605]] \n",
      "\n",
      "Cost: \n",
      " 1.0962000656233004 \n",
      "\n",
      "iteration #  54\n",
      "Actual Output: \n",
      " [[0. 1. 0.]\n",
      " [0. 0. 1.]\n",
      " [0. 0. 1.]\n",
      " [0. 1. 0.]\n",
      " [1. 0. 0.]\n",
      " [1. 0. 0.]]\n",
      "Predicted Output: \n",
      " [[0.33056617 0.33791272 0.33152111]\n",
      " [0.3316795  0.33570579 0.33261471]\n",
      " [0.33170451 0.3356661  0.33262939]\n",
      " [0.33056617 0.33791272 0.33152111]\n",
      " [0.33212055 0.33480489 0.33307456]\n",
      " [0.33175469 0.33554801 0.33269731]] \n",
      "\n",
      "Cost: \n",
      " 1.0961748143249601 \n",
      "\n",
      "iteration #  55\n",
      "Actual Output: \n",
      " [[0. 1. 0.]\n",
      " [0. 0. 1.]\n",
      " [0. 0. 1.]\n",
      " [0. 1. 0.]\n",
      " [1. 0. 0.]\n",
      " [1. 0. 0.]]\n",
      "Predicted Output: \n",
      " [[0.33055321 0.33793267 0.33151413]\n",
      " [0.33168083 0.33570375 0.33261542]\n",
      " [0.33170595 0.33566381 0.33263023]\n",
      " [0.33055321 0.33793267 0.33151413]\n",
      " [0.33212794 0.33479365 0.33307841]\n",
      " [0.33175714 0.3355443  0.33269856]] \n",
      "\n",
      "Cost: \n",
      " 1.0961494194160204 \n",
      "\n",
      "iteration #  56\n",
      "Actual Output: \n",
      " [[0. 1. 0.]\n",
      " [0. 0. 1.]\n",
      " [0. 0. 1.]\n",
      " [0. 1. 0.]\n",
      " [1. 0. 0.]\n",
      " [1. 0. 0.]]\n",
      "Predicted Output: \n",
      " [[0.33054016 0.33795275 0.33150709]\n",
      " [0.33168216 0.33570172 0.33261612]\n",
      " [0.33170739 0.33566153 0.33263108]\n",
      " [0.33054016 0.33795275 0.33150709]\n",
      " [0.33213535 0.33478237 0.33308228]\n",
      " [0.33175958 0.33554059 0.33269983]] \n",
      "\n",
      "Cost: \n",
      " 1.0961238787876075 \n",
      "\n",
      "iteration #  57\n",
      "Actual Output: \n",
      " [[0. 1. 0.]\n",
      " [0. 0. 1.]\n",
      " [0. 0. 1.]\n",
      " [0. 1. 0.]\n",
      " [1. 0. 0.]\n",
      " [1. 0. 0.]]\n",
      "Predicted Output: \n",
      " [[0.33052702 0.33797298 0.33150001]\n",
      " [0.33168347 0.33569969 0.33261683]\n",
      " [0.33170883 0.33565925 0.33263193]\n",
      " [0.33052702 0.33797298 0.33150001]\n",
      " [0.33214279 0.33477103 0.33308618]\n",
      " [0.33176203 0.33553687 0.3327011 ]] \n",
      "\n",
      "Cost: \n",
      " 1.0960981903020595 \n",
      "\n",
      "iteration #  58\n",
      "Actual Output: \n",
      " [[0. 1. 0.]\n",
